HyperCLaw-V1.1
12
x_velocity
y_velocity
density
rhoh
temp
RhoRT
divu
gradpx
gradpy
volFrac
avg_pressure
mag_vort
2
0
0
-0.040000000000000001 -0.040000000000000001 
0.20000000000000001 0.040000000000000001 

((0,0) (383,127) (0,0)) 
0 
0.00062500000000000001 0.00062500000000000001 
0
0
0 48 0
0
-0.040000000000000001 -0.02
-0.040000000000000001 -0.02
-0.02 0
-0.040000000000000001 -0.02
-0.040000000000000001 -0.02
-0.02 0
-0.02 0
-0.02 0
0 0.019999999999999997
-0.040000000000000001 -0.02
0.019999999999999997 0.040000000000000001
-0.040000000000000001 -0.02
0 0.019999999999999997
-0.02 0
0.019999999999999997 0.040000000000000001
-0.02 0
0.040000000000000001 0.060000000000000005
-0.040000000000000001 -0.02
0.060000000000000005 0.079999999999999988
-0.040000000000000001 -0.02
0.040000000000000001 0.060000000000000005
-0.02 0
0.060000000000000005 0.079999999999999988
-0.02 0
0.079999999999999988 0.10000000000000001
-0.040000000000000001 -0.02
0.10000000000000001 0.12
-0.040000000000000001 -0.02
0.079999999999999988 0.10000000000000001
-0.02 0
0.10000000000000001 0.12
-0.02 0
0.12 0.13999999999999999
-0.040000000000000001 -0.02
0.13999999999999999 0.16
-0.040000000000000001 -0.02
0.12 0.13999999999999999
-0.02 0
0.13999999999999999 0.16
-0.02 0
0.16 0.17999999999999999
-0.040000000000000001 -0.02
0.17999999999999999 0.19999999999999998
-0.040000000000000001 -0.02
0.16 0.17999999999999999
-0.02 0
0.17999999999999999 0.19999999999999998
-0.02 0
-0.040000000000000001 -0.02
0 0.019999999999999997
-0.02 0
0 0.019999999999999997
-0.040000000000000001 -0.02
0.019999999999999997 0.040000000000000001
-0.02 0
0.019999999999999997 0.040000000000000001
0 0.019999999999999997
0 0.019999999999999997
0.019999999999999997 0.040000000000000001
0 0.019999999999999997
0 0.019999999999999997
0.019999999999999997 0.040000000000000001
0.019999999999999997 0.040000000000000001
0.019999999999999997 0.040000000000000001
0.040000000000000001 0.060000000000000005
0 0.019999999999999997
0.060000000000000005 0.079999999999999988
0 0.019999999999999997
0.040000000000000001 0.060000000000000005
0.019999999999999997 0.040000000000000001
0.060000000000000005 0.079999999999999988
0.019999999999999997 0.040000000000000001
0.079999999999999988 0.10000000000000001
0 0.019999999999999997
0.10000000000000001 0.12
0 0.019999999999999997
0.079999999999999988 0.10000000000000001
0.019999999999999997 0.040000000000000001
0.10000000000000001 0.12
0.019999999999999997 0.040000000000000001
0.12 0.13999999999999999
0 0.019999999999999997
0.13999999999999999 0.16
0 0.019999999999999997
0.12 0.13999999999999999
0.019999999999999997 0.040000000000000001
0.13999999999999999 0.16
0.019999999999999997 0.040000000000000001
0.16 0.17999999999999999
0 0.019999999999999997
0.17999999999999999 0.19999999999999998
0 0.019999999999999997
0.16 0.17999999999999999
0.019999999999999997 0.040000000000000001
0.17999999999999999 0.19999999999999998
0.019999999999999997 0.040000000000000001
Level_0/Cell
