1
1
1
0
(16 0
((0,0,0) (15,15,7) (0,0,0))
((16,0,0) (31,15,7) (0,0,0))
((32,0,0) (47,15,7) (0,0,0))
((48,0,0) (63,15,7) (0,0,0))
((0,16,0) (15,31,7) (0,0,0))
((16,16,0) (31,31,7) (0,0,0))
((32,16,0) (47,31,7) (0,0,0))
((48,16,0) (63,31,7) (0,0,0))
((0,32,0) (15,47,7) (0,0,0))
((16,32,0) (31,47,7) (0,0,0))
((32,32,0) (47,47,7) (0,0,0))
((48,32,0) (63,47,7) (0,0,0))
((0,48,0) (15,63,7) (0,0,0))
((16,48,0) (31,63,7) (0,0,0))
((32,48,0) (47,63,7) (0,0,0))
((48,48,0) (63,63,7) (0,0,0))
)
16
FabOnDisk: Cell_D_00000 0
FabOnDisk: Cell_D_00000 16472
FabOnDisk: Cell_D_00000 32945
FabOnDisk: Cell_D_00000 49418
FabOnDisk: Cell_D_00000 65891
FabOnDisk: Cell_D_00000 82364
FabOnDisk: Cell_D_00000 98838
FabOnDisk: Cell_D_00000 115312
FabOnDisk: Cell_D_00000 131786
FabOnDisk: Cell_D_00000 148259
FabOnDisk: Cell_D_00000 164733
FabOnDisk: Cell_D_00000 181207
FabOnDisk: Cell_D_00000 197681
FabOnDisk: Cell_D_00000 214154
FabOnDisk: Cell_D_00000 230628
FabOnDisk: Cell_D_00000 247102

16,1
9.9999999999999956e-01,
9.9999999999999933e-01,
9.9999999999991396e-01,
9.9999999999999933e-01,
9.9999999999999922e-01,
1.0000000000000056e+00,
1.0001617182252094e+00,
1.0000000000000000e+00,
9.9999999999999922e-01,
1.0000000000002585e+00,
1.0000000045659687e+00,
1.0000000000002827e+00,
1.0000000000000855e+00,
1.0000000000041627e+00,
1.0000000064027925e+00,
1.0000000000000855e+00,

16,1
1.0000000000000004e+00,
1.0001500718496030e+00,
1.0013124760206180e+00,
1.0000059464992563e+00,
1.0000000000015508e+00,
1.2474954393245041e+00,
1.9226180154235419e+00,
1.8991250267339783e+00,
1.0000000002086271e+00,
1.0017166353966285e+00,
1.1096131273520715e+00,
1.6870884897134639e+00,
1.0000019745585071e+00,
1.0028868088959981e+00,
1.0890268883528971e+00,
1.2109634549028043e+00,

