HyperCLaw-V1.1
1
phi
3
0.66133603462887636
0
0 0 0 
1 1 0.125 

((0,0,0) (63,63,7) (0,0,0)) 
50 
0.015625 0.015625 0.015625 
0
0
0 16 0.66133603462887636
50
0 0.25
0 0.25
0 0.125
0.25 0.5
0 0.25
0 0.125
0.5 0.75
0 0.25
0 0.125
0.75 1
0 0.25
0 0.125
0 0.25
0.25 0.5
0 0.125
0.25 0.5
0.25 0.5
0 0.125
0.5 0.75
0.25 0.5
0 0.125
0.75 1
0.25 0.5
0 0.125
0 0.25
0.5 0.75
0 0.125
0.25 0.5
0.5 0.75
0 0.125
0.5 0.75
0.5 0.75
0 0.125
0.75 1
0.5 0.75
0 0.125
0 0.25
0.75 1
0 0.125
0.25 0.5
0.75 1
0 0.125
0.5 0.75
0.75 1
0 0.125
0.75 1
0.75 1
0 0.125
Level_0/Cell
