1
1
12
0
(48 0
((0,0) (31,31) (0,0))
((32,0) (63,31) (0,0))
((0,32) (31,63) (0,0))
((32,32) (63,63) (0,0))
((64,0) (95,31) (0,0))
((96,0) (127,31) (0,0))
((64,32) (95,63) (0,0))
((96,32) (127,63) (0,0))
((128,0) (159,31) (0,0))
((160,0) (191,31) (0,0))
((128,32) (159,63) (0,0))
((160,32) (191,63) (0,0))
((192,0) (223,31) (0,0))
((224,0) (255,31) (0,0))
((192,32) (223,63) (0,0))
((224,32) (255,63) (0,0))
((256,0) (287,31) (0,0))
((288,0) (319,31) (0,0))
((256,32) (287,63) (0,0))
((288,32) (319,63) (0,0))
((320,0) (351,31) (0,0))
((352,0) (383,31) (0,0))
((320,32) (351,63) (0,0))
((352,32) (383,63) (0,0))
((0,64) (31,95) (0,0))
((32,64) (63,95) (0,0))
((0,96) (31,127) (0,0))
((32,96) (63,127) (0,0))
((64,64) (95,95) (0,0))
((96,64) (127,95) (0,0))
((64,96) (95,127) (0,0))
((96,96) (127,127) (0,0))
((128,64) (159,95) (0,0))
((160,64) (191,95) (0,0))
((128,96) (159,127) (0,0))
((160,96) (191,127) (0,0))
((192,64) (223,95) (0,0))
((224,64) (255,95) (0,0))
((192,96) (223,127) (0,0))
((224,96) (255,127) (0,0))
((256,64) (287,95) (0,0))
((288,64) (319,95) (0,0))
((256,96) (287,127) (0,0))
((288,96) (319,127) (0,0))
((320,64) (351,95) (0,0))
((352,64) (383,95) (0,0))
((320,96) (351,127) (0,0))
((352,96) (383,127) (0,0))
)
48
FabOnDisk: Cell_D_00023 0
FabOnDisk: Cell_D_00007 0
FabOnDisk: Cell_D_00007 98388
FabOnDisk: Cell_D_00024 0
FabOnDisk: Cell_D_00008 0
FabOnDisk: Cell_D_00008 98388
FabOnDisk: Cell_D_00025 0
FabOnDisk: Cell_D_00009 0
FabOnDisk: Cell_D_00012 0
FabOnDisk: Cell_D_00012 98390
FabOnDisk: Cell_D_00029 0
FabOnDisk: Cell_D_00013 0
FabOnDisk: Cell_D_00013 98391
FabOnDisk: Cell_D_00030 0
FabOnDisk: Cell_D_00014 0
FabOnDisk: Cell_D_00014 98391
FabOnDisk: Cell_D_00017 0
FabOnDisk: Cell_D_00005 0
FabOnDisk: Cell_D_00018 0
FabOnDisk: Cell_D_00018 98391
FabOnDisk: Cell_D_00002 0
FabOnDisk: Cell_D_00019 0
FabOnDisk: Cell_D_00019 98390
FabOnDisk: Cell_D_00003 0
FabOnDisk: Cell_D_00009 98390
FabOnDisk: Cell_D_00026 0
FabOnDisk: Cell_D_00010 0
FabOnDisk: Cell_D_00010 98389
FabOnDisk: Cell_D_00027 0
FabOnDisk: Cell_D_00011 0
FabOnDisk: Cell_D_00011 98390
FabOnDisk: Cell_D_00028 0
FabOnDisk: Cell_D_00031 0
FabOnDisk: Cell_D_00015 0
FabOnDisk: Cell_D_00015 98391
FabOnDisk: Cell_D_00004 0
FabOnDisk: Cell_D_00016 0
FabOnDisk: Cell_D_00016 98391
FabOnDisk: Cell_D_00006 0
FabOnDisk: Cell_D_00017 98390
FabOnDisk: Cell_D_00020 0
FabOnDisk: Cell_D_00020 98391
FabOnDisk: Cell_D_00000 0
FabOnDisk: Cell_D_00021 0
FabOnDisk: Cell_D_00021 98392
FabOnDisk: Cell_D_00001 0
FabOnDisk: Cell_D_00022 0
FabOnDisk: Cell_D_00022 98392

48,12
4.2548600479674912e+00,-1.7274960415592602e-01,1.1719839920805633e+00,2.2274467915956488e+03,3.0000000000000000e+02,1.0132500000000000e+05,-0.0000000000000000e+00,2.6918593070859919e+02,4.7697525043095823e-01,1.0000000000000000e+00,-1.2875754468432123e+02,9.1003928170962922e-06,
4.3377849183924093e+00,-2.2143248380203043e-01,1.1719839920805633e+00,2.2274467915956488e+03,3.0000000000000000e+02,1.0132500000000000e+05,-0.0000000000000000e+00,3.8293947086167265e+02,-1.6302220970534765e+02,1.0000000000000000e+00,-1.1846499227958677e+02,4.6566284328530827e-08,
3.9541499594303411e+00,-2.4211787159307707e-01,1.1719839920805633e+00,2.2274467915956488e+03,3.0000000000000000e+02,1.0132500000000000e+05,-0.0000000000000000e+00,2.7796470603058327e+02,1.3815625767560180e+00,1.0000000000000000e+00,-1.2831225062791117e+02,8.1652300655890575e-05,
0.0000000000000000e+00,-7.2409502081067982e+00,0.0000000000000000e+00,0.0000000000000000e+00,0.0000000000000000e+00,0.0000000000000000e+00,-0.0000000000000000e+00,-5.0294016423557609e+04,-6.3162885450789523e+04,0.0000000000000000e+00,-1.5364866429047598e+02,0.0000000000000000e+00,
4.3381119482120676e+00,2.5455996030428856e-05,1.1719839920805633e+00,2.2274467915956488e+03,3.0000000000000000e+02,1.0132500000000000e+05,-0.0000000000000000e+00,5.0119469700761101e+02,-1.6430625015263297e+02,1.0000000000000000e+00,-1.0953006924907857e+02,6.4792671079089148e-06,
4.2587526304790666e+00,8.5365282176604908e-04,1.1719839920805633e+00,2.2274467915956488e+03,3.0000000000000000e+02,1.0132500000000000e+05,-0.0000000000000000e+00,5.4349480933061875e+02,-5.1494856192161897e-01,1.0000000000000000e+00,-9.7584442176911026e+01,2.1876274680643348e-07,
0.0000000000000000e+00,0.0000000000000000e+00,0.0000000000000000e+00,0.0000000000000000e+00,0.0000000000000000e+00,0.0000000000000000e+00,-0.0000000000000000e+00,-2.9228562627819374e+04,-5.0499079815652294e+04,0.0000000000000000e+00,-1.4088493096289034e+02,0.0000000000000000e+00,
3.9457017697289940e+00,1.2353240101958636e-03,1.1719839920805633e+00,2.2274467915956488e+03,3.0000000000000000e+02,1.0132500000000000e+05,-0.0000000000000000e+00,4.2580797683321805e+02,3.7893302404025891e-01,1.0000000000000000e+00,-9.7477189341485300e+01,1.0848940872421053e-04,
4.2542893511265296e+00,2.0491762115801916e-04,1.1719839920805633e+00,2.2274467915956488e+03,3.0000000000000000e+02,1.0132500000000000e+05,-0.0000000000000000e+00,5.4106414956821322e+02,4.7739173451550092e-02,1.0000000000000000e+00,-8.6489633733677508e+01,7.7763078132342400e-07,
4.2539623786796357e+00,4.3878020565910251e-05,1.1719839920805633e+00,2.2274467915956488e+03,3.0000000000000000e+02,1.0132500000000000e+05,-0.0000000000000000e+00,5.4092533496364558e+02,1.0657465366866323e-02,1.0000000000000000e+00,-7.5583678169123672e+01,3.9257990740336132e-06,
4.2104336003110001e+00,2.2119773369982558e-04,1.1719839920805633e+00,2.2274467915956488e+03,3.0000000000000000e+02,1.0132500000000000e+05,-0.0000000000000000e+00,5.2912484560993562e+02,5.7079037419661929e-02,1.0000000000000000e+00,-8.6387220652465075e+01,2.6794453978622179e-05,
4.2455024922467715e+00,4.4577762728244181e-05,1.1719839920805633e+00,2.2274467915956488e+03,3.0000000000000000e+02,1.0132500000000000e+05,-0.0000000000000000e+00,5.3880208447394523e+02,1.1058779966720915e-02,1.0000000000000000e+00,-7.5558333858757123e+01,4.4568326932380511e-06,
4.2539205263786188e+00,9.1729339711551023e-06,1.1719839920805633e+00,2.2274467915956488e+03,3.0000000000000000e+02,1.0132500000000000e+05,-0.0000000000000000e+00,5.4091253736712281e+02,2.2468674102405764e-03,1.0000000000000000e+00,-6.4745515105515437e+01,8.5854207462667930e-07,
4.2539129541877738e+00,1.9081336589914820e-06,1.1719839920805633e+00,2.2274467915956488e+03,3.0000000000000000e+02,1.0132500000000000e+05,-0.0000000000000000e+00,5.4091056994165228e+02,4.6820075955855646e-04,1.0000000000000000e+00,-5.3923087530904930e+01,1.8023483121495433e-07,
4.2521893118026526e+00,9.2030192583389978e-06,1.1719839920805633e+00,2.2274467915956488e+03,3.0000000000000000e+02,1.0132500000000000e+05,-0.0000000000000000e+00,5.4048558900381727e+02,2.2641215237035476e-03,1.0000000000000000e+00,-6.4740070501074257e+01,8.8137149954542124e-07,
4.2535544141495718e+00,1.9094271805760733e-06,1.1719839920805633e+00,2.2274467915956488e+03,3.0000000000000000e+02,1.0132500000000000e+05,-0.0000000000000000e+00,5.4082247049242437e+02,4.6894258489607485e-04,1.0000000000000000e+00,-5.3921948673036155e+01,1.8121603904725121e-07,
4.2539114293746785e+00,3.9648951909467316e-07,1.1719839920805633e+00,2.2274467915956488e+03,3.0000000000000000e+02,1.0132500000000000e+05,-0.0000000000000000e+00,5.4091019095606043e+02,9.7321860337666098e-05,1.0000000000000000e+00,-4.3104004352663040e+01,3.7527237540342304e-08,
4.2539111147834063e+00,8.2234904610917329e-08,1.1719839920805633e+00,2.2274467915956488e+03,3.0000000000000000e+02,1.0132500000000000e+05,-0.0000000000000000e+00,5.4091011352863529e+02,2.0186682394638595e-05,1.0000000000000000e+00,-3.2285619245338850e+01,7.8126691832863449e-09,
4.2538369908208642e+00,3.9654513401336900e-07,1.1719839920805633e+00,2.2274467915956488e+03,3.0000000000000000e+02,1.0132500000000000e+05,-0.0000000000000000e+00,5.4089191399591095e+02,9.7353772750896435e-05,1.0000000000000000e+00,-4.3103767423992416e+01,3.7569579474059929e-08,
4.2538956509567596e+00,8.2237295731221251e-08,1.1719839920805633e+00,2.2274467915956488e+03,3.0000000000000000e+02,1.0132500000000000e+05,-0.0000000000000000e+00,5.4090631727937159e+02,2.0188015497502306e-05,1.0000000000000000e+00,-3.2285570013427296e+01,7.8144934743555050e-09,
4.2539110500498891e+00,1.6411462808343882e-08,1.1719839920805633e+00,2.2274467915956488e+03,3.0000000000000000e+02,1.0132500000000000e+05,-0.0000000000000000e+00,5.4091009762946737e+02,4.0281907137338146e-06,1.0000000000000000e+00,-2.1467379290758601e+01,1.6865849110328048e-09,
4.2539110391716370e+00,1.7038573307171320e-10,1.1719839920805633e+00,2.2274467915956488e+03,3.0000000000000000e+02,1.0132500000000000e+05,-0.0000000000000000e+00,5.4091009489776957e+02,4.0349238226194904e-08,1.0000000000000000e+00,-1.0649169440873205e+01,6.5836671817542231e-10,
4.2539078308965168e+00,1.6411565378282071e-08,1.1719839920805633e+00,2.2274467915956488e+03,3.0000000000000000e+02,1.0132500000000000e+05,-0.0000000000000000e+00,5.4090930737377334e+02,4.0282315739461315e-06,1.0000000000000000e+00,-2.1467369081498859e+01,1.6864380426083579e-09,
4.2539103383707397e+00,1.7038606827481920e-10,1.1719839920805633e+00,2.2274467915956488e+03,3.0000000000000000e+02,1.0132500000000000e+05,-0.0000000000000000e+00,5.4090992290194890e+02,4.0344438728083205e-08,1.0000000000000000e+00,-1.0649167412345186e+01,6.5918287347012065e-10,
3.9541499594303806e+00,2.4048661182758009e-03,1.1719839920805633e+00,2.2274467915956488e+03,3.0000000000000000e+02,1.0132500000000000e+05,-0.0000000000000000e+00,2.7796470603083941e+02,-1.5604800063536459e+02,1.0000000000000000e+00,-1.2831225062791103e+02,8.1652301581192077e-05,
0.0000000000000000e+00,0.0000000000000000e+00,0.0000000000000000e+00,0.0000000000000000e+00,0.0000000000000000e+00,0.0000000000000000e+00,-0.0000000000000000e+00,-5.0294016423597983e+04,-3.9572498597423808e+04,0.0000000000000000e+00,-1.5364866429050016e+02,0.0000000000000000e+00,
4.2548600479674912e+00,1.6773770656541810e-03,1.1719839920805633e+00,2.2274467915956488e+03,3.0000000000000000e+02,1.0132500000000000e+05,-0.0000000000000000e+00,2.6918593070868951e+02,-6.4342099742976728e+01,1.0000000000000000e+00,-1.2875754468432129e+02,9.1003915847487349e-06,
4.3377849183924173e+00,1.1096473194281735e-04,1.1719839920805633e+00,2.2274467915956488e+03,3.0000000000000000e+02,1.0132500000000000e+05,-0.0000000000000000e+00,3.8293947085982614e+02,-6.4310961868614626e+01,1.0000000000000000e+00,-1.1846499227958657e+02,4.6567353792492661e-08,
0.0000000000000000e+00,-7.2364765096859944e+00,0.0000000000000000e+00,0.0000000000000000e+00,0.0000000000000000e+00,0.0000000000000000e+00,0.0000000000000000e+00,-2.9228562627808729e+04,-4.6108007591557805e+04,0.0000000000000000e+00,-1.4088493096288593e+02,0.0000000000000000e+00,
3.9457017697290224e+00,-2.3506352112043588e-01,1.1719839920805633e+00,2.2274467915956488e+03,3.0000000000000000e+02,1.0132500000000000e+05,-0.0000000000000000e+00,4.2580797683299897e+02,-9.5738552296403441e+01,1.0000000000000000e+00,-9.7477189341484106e+01,1.0848940959995446e-04,
4.3381119482120738e+00,-2.1616723127121978e-01,1.1719839920805633e+00,2.2274467915956488e+03,3.0000000000000000e+02,1.0132500000000000e+05,-0.0000000000000000e+00,5.0119469700934269e+02,-2.2951071073686116e+01,1.0000000000000000e+00,-1.0953006924910086e+02,6.4792666017166045e-06,
4.2587526304790817e+00,-1.6369979874916432e-01,1.1719839920805633e+00,2.2274467915956488e+03,3.0000000000000000e+02,1.0132500000000000e+05,-0.0000000000000000e+00,5.4349480933069901e+02,-2.4948582792090324e+01,1.0000000000000000e+00,-9.7584442176912830e+01,2.1876273015308811e-07,
4.2104336003110037e+00,-4.0137970904076274e-02,1.1719839920805633e+00,2.2274467915956488e+03,3.0000000000000000e+02,1.0132500000000000e+05,-0.0000000000000000e+00,5.2912484560995426e+02,-1.0331324228747835e+01,1.0000000000000000e+00,-8.6387220652465132e+01,2.6794455328538885e-05,
4.2455024922467732e+00,-8.2617091845921236e-03,1.1719839920805633e+00,2.2274467915956488e+03,3.0000000000000000e+02,1.0132500000000000e+05,-0.0000000000000000e+00,5.3880208447387690e+02,-2.0326113788229314e+00,1.0000000000000000e+00,-7.5558333858758260e+01,4.4568332510219050e-06,
4.2542893511265341e+00,-3.9342552360345458e-02,1.1719839920805633e+00,2.2274467915956488e+03,3.0000000000000000e+02,1.0132500000000000e+05,-0.0000000000000000e+00,5.4106414956809840e+02,-9.4448248105881376e+00,1.0000000000000000e+00,-8.6489633733677550e+01,7.7763085692961198e-07,
4.2539623786796321e+00,-8.2469634915663947e-03,1.1719839920805633e+00,2.2274467915956488e+03,3.0000000000000000e+02,1.0132500000000000e+05,-0.0000000000000000e+00,5.4092533496365490e+02,-2.0206578949351868e+00,1.0000000000000000e+00,-7.5583678169123715e+01,3.9257985633527059e-06,
4.2521893118026535e+00,-1.7155479829216945e-03,1.1719839920805633e+00,2.2274467915956488e+03,3.0000000000000000e+02,1.0132500000000000e+05,-0.0000000000000000e+00,5.4048558900383978e+02,-4.2122386438012699e-01,1.0000000000000000e+00,-6.4740070501075138e+01,8.8137181949749389e-07,
4.2535544141495727e+00,-3.5635397129119998e-04,1.1719839920805633e+00,2.2274467915956488e+03,3.0000000000000000e+02,1.0132500000000000e+05,-0.0000000000000000e+00,5.4082247049242028e+02,-8.7482689863752308e-02,1.0000000000000000e+00,-5.3921948673036496e+01,1.8121615480515903e-07,
4.2539205263786162e+00,-1.7149137911936700e-03,1.1719839920805633e+00,2.2274467915956488e+03,3.0000000000000000e+02,1.0132500000000000e+05,-0.0000000000000000e+00,5.4091253736716180e+02,-4.2086751807887363e-01,1.0000000000000000e+00,-6.4745515105515452e+01,8.5854230357494156e-07,
4.2539129541877729e+00,-3.5632670362429838e-04,1.1719839920805633e+00,2.2274467915956488e+03,3.0000000000000000e+02,1.0132500000000000e+05,-0.0000000000000000e+00,5.4091056994164990e+02,-8.7467481471341521e-02,1.0000000000000000e+00,-5.3923087530904922e+01,1.8023570127025709e-07,
4.2538369908208633e+00,-7.4029560358261547e-05,1.1719839920805633e+00,2.2274467915956488e+03,3.0000000000000000e+02,1.0132500000000000e+05,-0.0000000000000000e+00,5.4089191399590220e+02,-1.8173116091246330e-02,1.0000000000000000e+00,-4.3103767423992501e+01,3.7569468844652005e-08,
4.2538956509567596e+00,-1.5378195967839789e-05,1.1719839920805633e+00,2.2274467915956488e+03,3.0000000000000000e+02,1.0132500000000000e+05,-0.0000000000000000e+00,5.4090631727937455e+02,-3.7750772397891694e-03,1.0000000000000000e+00,-3.2285570013427233e+01,7.8145076533058772e-09,
4.2539114293746785e+00,-7.4028387981878236e-05,1.1719839920805633e+00,2.2274467915956488e+03,3.0000000000000000e+02,1.0132500000000000e+05,-0.0000000000000000e+00,5.4091019095602348e+02,-1.8172463219422987e-02,1.0000000000000000e+00,-4.3104004352663040e+01,3.7527292884756793e-08,
4.2539111147834063e+00,-1.5378145561699688e-05,1.1719839920805633e+00,2.2274467915956488e+03,3.0000000000000000e+02,1.0132500000000000e+05,-0.0000000000000000e+00,5.4091011352862779e+02,-3.7750491860139290e-03,1.0000000000000000e+00,-3.2285619245338836e+01,7.8126884346935217e-09,
4.2539078308965168e+00,-3.1888123418221726e-06,1.1719839920805633e+00,2.2274467915956488e+03,3.0000000000000000e+02,1.0132500000000000e+05,-0.0000000000000000e+00,5.4090930737377425e+02,-7.8279124552076162e-04,1.0000000000000000e+00,-2.1467369081498791e+01,1.6864204779508285e-09,
4.2539103383707397e+00,-6.3367968891657433e-07,1.1719839920805633e+00,2.2274467915956488e+03,3.0000000000000000e+02,1.0132500000000000e+05,-0.0000000000000000e+00,5.4090992290194936e+02,-1.5553470063798064e-04,1.0000000000000000e+00,-1.0649167412345189e+01,6.5918558142195928e-10,
4.2539110500498891e+00,-3.1888101746248534e-06,1.1719839920805633e+00,2.2274467915956488e+03,3.0000000000000000e+02,1.0132500000000000e+05,-0.0000000000000000e+00,5.4091009762946385e+02,-7.8279000378003738e-04,1.0000000000000000e+00,-2.1467379290758604e+01,1.6866082923026407e-09,
4.2539110391716370e+00,-6.3367959586812317e-07,1.1719839920805633e+00,2.2274467915956488e+03,3.0000000000000000e+02,1.0132500000000000e+05,-0.0000000000000000e+00,5.4091009489777275e+02,-1.5553463469108816e-04,1.0000000000000000e+00,-1.0649169440873203e+01,6.5836268200138348e-10,

48,12
4.3760692709530513e+00,-1.6773770656556889e-03,1.1719839920805633e+00,2.2274467915956488e+03,3.0000000000000000e+02,1.0132500000000000e+05,1.7423484307229895e+00,5.4587522697841928e+02,6.4342099743627557e+01,1.0000000000000000e+00,-1.1832453610851327e+02,6.4634310043759811e+01,
4.6892147512377385e+00,-1.1096473193759978e-04,1.1719839920805633e+00,2.2274467915956488e+03,3.0000000000000000e+02,1.0132500000000000e+05,-0.0000000000000000e+00,5.1685126309598638e+02,6.4310961869287013e+01,1.0000000000000000e+00,-1.0880741769791879e+02,1.4634596083868345e-01,
4.3252672403598078e+00,-2.4048661183707948e-03,1.1719839920805633e+00,2.2274467915956488e+03,3.0000000000000000e+02,1.0132500000000000e+05,1.7423484307229895e+00,7.2862491235533435e+02,1.5604800063147943e+02,1.0000000000000000e+00,-1.1609657074504265e+02,6.5996188372342417e+01,
9.4630926505729285e+00,0.0000000000000000e+00,1.1719839920805633e+00,2.2274467915956488e+03,3.0000000000000000e+02,1.0132500000000000e+05,-0.0000000000000000e+00,4.3109709674383288e+04,3.9572498597449841e+04,1.0000000000000000e+00,0.0000000000000000e+00,3.6248409853603930e+03,
4.6892151099206405e+00,2.1616723127126380e-01,1.1719839920805633e+00,2.2274467915956488e+03,3.0000000000000000e+02,1.0132500000000000e+05,-0.0000000000000000e+00,6.3378995657512883e+02,2.2951071073247615e+01,1.0000000000000000e+00,-9.7857852815967874e+01,1.4634816062238443e-01,
4.3842281836014312e+00,1.6369979874920690e-01,1.1719839920805633e+00,2.2274467915956488e+03,3.0000000000000000e+02,1.0132500000000000e+05,-0.0000000000000000e+00,5.8211441547926904e+02,2.4948582791704201e+01,1.0000000000000000e+00,-8.6732797168958427e+01,2.8946527093264507e-02,
9.4587909109600989e+00,7.2364765096858337e+00,1.1719839920805633e+00,2.2274467915956488e+03,3.0000000000000000e+02,1.0132500000000000e+05,-0.0000000000000000e+00,7.6288548053495950e+04,4.6108007591563037e+04,1.0000000000000000e+00,0.0000000000000000e+00,3.6228949671447108e+03,
4.3252130592331151e+00,2.3506352112032944e-01,1.1719839920805633e+00,2.2274467915956488e+03,3.0000000000000000e+02,1.0132500000000000e+05,-0.0000000000000000e+00,5.8344192684780012e+02,9.5738552296495797e+01,1.0000000000000000e+00,-8.6570342375591082e+01,1.8672925280018760e-01,
4.2903789778249877e+00,3.9342552360334654e-02,1.1719839920805633e+00,2.2274467915956488e+03,3.0000000000000000e+02,1.0132500000000000e+05,-0.0000000000000000e+00,5.4896485402088604e+02,9.4448248105194743e+00,1.0000000000000000e+00,-7.5897760762416482e+01,3.0576273273243970e-03,
4.2620192754273836e+00,8.2469634915611038e-03,1.1719839920805633e+00,2.2274467915956488e+03,3.0000000000000000e+02,1.0132500000000000e+05,-0.0000000000000000e+00,5.4285855365835596e+02,2.0206578949397707e+00,1.0000000000000000e+00,-6.5078411698099359e+01,7.7092168664083527e-04,
4.2564308117553287e+00,4.0137970904061730e-02,1.1719839920805633e+00,2.2274467915956488e+03,3.0000000000000000e+02,1.0132500000000000e+05,-0.0000000000000000e+00,5.4281887514488665e+02,1.0331324228621693e+01,1.0000000000000000e+00,-7.5868781215101450e+01,5.7596884851185415e-03,
4.2538739290856142e+00,8.2617091845882742e-03,1.1719839920805633e+00,2.2274467915956488e+03,3.0000000000000000e+02,1.0132500000000000e+05,-0.0000000000000000e+00,5.4095288858645529e+02,2.0326113787686788e+00,1.0000000000000000e+00,-6.5072591616443546e+01,8.0853030488758915e-04,
4.2556198431061141e+00,1.7149137911919075e-03,1.1719839920805633e+00,2.2274467915956488e+03,3.0000000000000000e+02,1.0132500000000000e+05,-0.0000000000000000e+00,5.4132774109103423e+02,4.2086751805748390e-01,1.0000000000000000e+00,-5.4260073641522787e+01,1.6211409663013931e-04,
4.2542670952630086e+00,3.5632670362347379e-04,1.1719839920805633e+00,2.2274467915956488e+03,3.0000000000000000e+02,1.0132500000000000e+05,-0.0000000000000000e+00,5.4099742131428275e+02,8.7467481505968128e-02,1.0000000000000000e+00,-4.3441847880945076e+01,3.3727786479885447e-05,
4.2539021504851293e+00,1.7155479829214981e-03,1.1719839920805633e+00,2.2274467915956488e+03,3.0000000000000000e+02,1.0132500000000000e+05,-0.0000000000000000e+00,5.4090802643323207e+02,4.2122386435024239e-01,1.0000000000000000e+00,-5.4258873100655094e+01,1.6268393104729162e-04,
4.2539091366042010e+00,3.5635397129116350e-04,1.1719839920805633e+00,2.2274467915956488e+03,3.0000000000000000e+02,1.0132500000000000e+05,-0.0000000000000000e+00,5.4090963279303276e+02,8.7482689893939702e-02,1.0000000000000000e+00,-4.3441598839396043e+01,3.3748477940673260e-05,
4.2539850497762952e+00,7.4028387981569239e-05,1.1719839920805633e+00,2.2274467915956488e+03,3.0000000000000000e+02,1.0132500000000000e+05,-0.0000000000000000e+00,5.4092825984603132e+02,1.8172463233476422e-02,1.0000000000000000e+00,-3.2623641240721511e+01,7.0087111658945905e-06,
4.2539264124787834e+00,1.5378145561480117e-05,1.1719839920805633e+00,2.2274467915956488e+03,3.0000000000000000e+02,1.0132500000000000e+05,-0.0000000000000000e+00,5.4091386868490554e+02,3.7750491899854466e-03,1.0000000000000000e+00,-2.1805438391395732e+01,1.4562417546578992e-06,
4.2539106362189871e+00,7.4029560358222801e-05,1.1719839920805633e+00,2.2274467915956488e+03,3.0000000000000000e+02,1.0132500000000000e+05,-0.0000000000000000e+00,5.4090999625058271e+02,1.8173116073181429e-02,1.0000000000000000e+00,-3.2623589522356667e+01,7.0095999374917076e-06,
4.2539109497268619e+00,1.5378195967626252e-05,1.1719839920805633e+00,2.2274467915956488e+03,3.0000000000000000e+02,1.0132500000000000e+05,-0.0000000000000000e+00,5.4091007301002139e+02,3.7750772696325211e-03,1.0000000000000000e+00,-2.1805427665955829e+01,1.4562795954103491e-06,
4.2539142335209634e+00,3.1888101744281338e-06,1.1719839920805633e+00,2.2274467915956488e+03,3.0000000000000000e+02,1.0132500000000000e+05,-0.0000000000000000e+00,5.4091087911162481e+02,7.8279000224799617e-04,1.0000000000000000e+00,-1.0987236320512622e+01,3.0310215145537209e-07,
4.2539117260889574e+00,6.3367959584965563e-07,1.1719839920805633e+00,2.2274467915956488e+03,3.0000000000000000e+02,1.0132500000000000e+05,-0.0000000000000000e+00,5.4091026360581486e+02,1.5553463969895947e-04,1.0000000000000000e+00,-1.6903440465555297e-01,1.1078434658486857e-05,
4.2539110144138048e+00,3.1888123416844878e-06,1.1719839920805633e+00,2.2274467915956488e+03,3.0000000000000000e+02,1.0132500000000000e+05,-0.0000000000000000e+00,5.4091008888073770e+02,7.8279125090471825e-04,1.0000000000000000e+00,-1.0987234180374557e+01,3.0310330411168450e-07,
4.2539110252901322e+00,6.3367968888573576e-07,1.1719839920805633e+00,2.2274467915956488e+03,3.0000000000000000e+02,1.0132500000000000e+05,-0.0000000000000000e+00,5.4091009161109719e+02,1.5553472144818887e-04,1.0000000000000000e+00,-1.6903438322272379e-01,1.1078434644617311e-05,
4.3252672403598256e+00,2.4211787159319070e-01,1.1719839920805633e+00,2.2274467915956488e+03,3.0000000000000000e+02,1.0132500000000000e+05,1.7423484307229895e+00,7.2862491235422056e+02,-1.3815625734940273e+00,1.0000000000000000e+00,-1.1609657074504081e+02,6.5996188372381468e+01,
9.4630926505736710e+00,7.2409502081069697e+00,1.1719839920805633e+00,2.2274467915956488e+03,3.0000000000000000e+02,1.0132500000000000e+05,-0.0000000000000000e+00,4.3109709674507809e+04,6.3162885450822803e+04,1.0000000000000000e+00,0.0000000000000000e+00,3.6248409853607227e+03,
4.3760692709530558e+00,1.7274960415587842e-01,1.1719839920805633e+00,2.2274467915956488e+03,3.0000000000000000e+02,1.0132500000000000e+05,1.7423484307229895e+00,5.4587522697860175e+02,-4.7697525094417270e-01,1.0000000000000000e+00,-1.1832453610852173e+02,6.4634310043784794e+01,
4.6892147512376940e+00,2.2143248380198097e-01,1.1719839920805633e+00,2.2274467915956488e+03,3.0000000000000000e+02,1.0132500000000000e+05,-0.0000000000000000e+00,5.1685126309601321e+02,1.6302220970830803e+02,1.0000000000000000e+00,-1.0880741769791913e+02,1.4634596084052731e-01,
9.4587909109608646e+00,0.0000000000000000e+00,1.1719839920805633e+00,2.2274467915956488e+03,3.0000000000000000e+02,1.0132500000000000e+05,0.0000000000000000e+00,7.6288548053490740e+04,5.0499079815650352e+04,1.0000000000000000e+00,0.0000000000000000e+00,3.6228949671451696e+03,
4.3252130592331364e+00,-1.2353240101632792e-03,1.1719839920805633e+00,2.2274467915956488e+03,3.0000000000000000e+02,1.0132500000000000e+05,-0.0000000000000000e+00,5.8344192684760230e+02,-3.7893302383772359e-01,1.0000000000000000e+00,-8.6570342375591011e+01,1.8672925280047536e-01,
4.6892151099205881e+00,-2.5455996031372458e-05,1.1719839920805633e+00,2.2274467915956488e+03,3.0000000000000000e+02,1.0132500000000000e+05,-0.0000000000000000e+00,6.3378995657634835e+02,1.6430625015555705e+02,1.0000000000000000e+00,-9.7857852815966908e+01,1.4634816061794353e-01,
4.3842281836014347e+00,-8.5365282177737173e-04,1.1719839920805633e+00,2.2274467915956488e+03,3.0000000000000000e+02,1.0132500000000000e+05,-0.0000000000000000e+00,5.8211441547915945e+02,5.1494856214036888e-01,1.0000000000000000e+00,-8.6732797168958513e+01,2.8946527088491436e-02,
4.2564308117553438e+00,-2.2119773367978388e-04,1.1719839920805633e+00,2.2274467915956488e+03,3.0000000000000000e+02,1.0132500000000000e+05,-0.0000000000000000e+00,5.4281887514480024e+02,-5.7079037447748580e-02,1.0000000000000000e+00,-7.5868781215101450e+01,5.7596884847574970e-03,
4.2538739290856107e+00,-4.4577762715912458e-05,1.1719839920805633e+00,2.2274467915956488e+03,3.0000000000000000e+02,1.0132500000000000e+05,-0.0000000000000000e+00,5.4095288858641084e+02,-1.1058780077084690e-02,1.0000000000000000e+00,-6.5072591616443589e+01,8.0853030473493348e-04,
4.2903789778249886e+00,-2.0491762116895220e-04,1.1719839920805633e+00,2.2274467915956488e+03,3.0000000000000000e+02,1.0132500000000000e+05,-0.0000000000000000e+00,5.4896485402092412e+02,-4.7739173341920869e-02,1.0000000000000000e+00,-7.5897760762417548e+01,3.0576273294391498e-03,
4.2620192754273845e+00,-4.3878020573317954e-05,1.1719839920805633e+00,2.2274467915956488e+03,3.0000000000000000e+02,1.0132500000000000e+05,-0.0000000000000000e+00,5.4285855365830537e+02,-1.0657465370569580e-02,1.0000000000000000e+00,-6.5078411698100268e+01,7.7092168657977300e-04,
4.2539021504851258e+00,-9.2030192523479626e-06,1.1719839920805633e+00,2.2274467915956488e+03,3.0000000000000000e+02,1.0132500000000000e+05,-0.0000000000000000e+00,5.4090802643320671e+02,-2.2641215572806956e-03,1.0000000000000000e+00,-5.4258873100655101e+01,1.6268393016605209e-04,
4.2539091366042001e+00,-1.9094271780062803e-06,1.1719839920805633e+00,2.2274467915956488e+03,3.0000000000000000e+02,1.0132500000000000e+05,-0.0000000000000000e+00,5.4090963279297796e+02,-4.6894260687717414e-04,1.0000000000000000e+00,-4.3441598839396050e+01,3.3748477878743632e-05,
4.2556198431061141e+00,-9.1729339736572258e-06,1.1719839920805633e+00,2.2274467915956488e+03,3.0000000000000000e+02,1.0132500000000000e+05,-0.0000000000000000e+00,5.4132774109101126e+02,-2.2468674405577548e-03,1.0000000000000000e+00,-5.4260073641523164e+01,1.6211409722566295e-04,
4.2542670952630086e+00,-1.9081336585583674e-06,1.1719839920805633e+00,2.2274467915956488e+03,3.0000000000000000e+02,1.0132500000000000e+05,-0.0000000000000000e+00,5.4099742131428991e+02,-4.6820074451004362e-04,1.0000000000000000e+00,-4.3441847880945176e+01,3.3727786386515690e-05,
4.2539106362189871e+00,-3.9654513350881413e-07,1.1719839920805633e+00,2.2274467915956488e+03,3.0000000000000000e+02,1.0132500000000000e+05,-0.0000000000000000e+00,5.4090999625060715e+02,-9.7353759335813656e-05,1.0000000000000000e+00,-3.2623589522356667e+01,7.0096004713745413e-06,
4.2539109497268610e+00,-8.2237295900953366e-08,1.1719839920805633e+00,2.2274467915956488e+03,3.0000000000000000e+02,1.0132500000000000e+05,-0.0000000000000000e+00,5.4091007301001139e+02,-2.0188022555241644e-05,1.0000000000000000e+00,-2.1805427665955833e+01,1.4562796083286179e-06,
4.2539850497762952e+00,-3.9648951893620336e-07,1.1719839920805633e+00,2.2274467915956488e+03,3.0000000000000000e+02,1.0132500000000000e+05,-0.0000000000000000e+00,5.4092825984604019e+02,-9.7321880266839522e-05,1.0000000000000000e+00,-3.2623641240721469e+01,7.0087101949698610e-06,
4.2539264124787826e+00,-8.2234904779179656e-08,1.1719839920805633e+00,2.2274467915956488e+03,3.0000000000000000e+02,1.0132500000000000e+05,-0.0000000000000000e+00,5.4091386868495078e+02,-2.0186688198018185e-05,1.0000000000000000e+00,-2.1805438391395661e+01,1.4562417550293468e-06,
4.2539110144138048e+00,-1.6411565425321890e-08,1.1719839920805633e+00,2.2274467915956488e+03,3.0000000000000000e+02,1.0132500000000000e+05,-0.0000000000000000e+00,5.4091008888069257e+02,-4.0282353895568346e-06,1.0000000000000000e+00,-1.0987234180374557e+01,3.0310333247744910e-07,
4.2539110252901322e+00,-1.7038606910051373e-10,1.1719839920805633e+00,2.2274467915956488e+03,3.0000000000000000e+02,1.0132500000000000e+05,-0.0000000000000000e+00,5.4091009161109866e+02,-4.0344581459306227e-08,1.0000000000000000e+00,-1.6903438322272382e-01,1.1078434706852715e-05,
4.2539142335209634e+00,-1.6411462908940116e-08,1.1719839920805633e+00,2.2274467915956488e+03,3.0000000000000000e+02,1.0132500000000000e+05,-0.0000000000000000e+00,5.4091087911162549e+02,-4.0281982723414308e-06,1.0000000000000000e+00,-1.0987236320512613e+01,3.0310213144945676e-07,
4.2539117260889574e+00,-1.7038571202399522e-10,1.1719839920805633e+00,2.2274467915956488e+03,3.0000000000000000e+02,1.0132500000000000e+05,-0.0000000000000000e+00,5.4091026360581520e+02,-4.0345042394208857e-08,1.0000000000000000e+00,-1.6903440465555397e-01,1.1078434716063978e-05,

